0.217569	0.288513	0.650926
0.237382	0.253279	0.405572
0.203835	0.251895	0.410189
0.203561	0.251373	0.416008
0.203306	0.252713	0.412006
0.203764	0.252252	0.413736
0.202250	0.251759	0.411456
0.203654	0.252097	0.404370
0.203648	0.252353	0.415334
0.203482	0.250879	0.417904
0.204703	0.252399	0.414324
0.204052	0.251717	0.418533
0.204016	0.250448	0.415875
0.203678	0.252061	0.419945
0.203671	0.255973	0.424177
0.204446	0.251715	0.417430
0.202474	0.251359	0.422146
0.203790	0.251466	0.420290
0.203075	0.252747	0.421149
0.204068	0.251895	0.417716
0.203063	0.252185	0.415579
0.204763	0.252158	0.412535
0.204946	0.252010	0.422563
0.204331	0.253050	0.422357
0.204715	0.252252	0.412888
0.204304	0.251755	0.419080
0.203969	0.251371	0.418772
0.202365	0.252627	0.413594
0.205805	0.252115	0.415937
0.203981	0.251714	0.420849
0.205006	0.252109	0.412040
0.203930	0.250719	0.417471
0.203965	0.252278	0.414896
0.203837	0.251387	0.421217
0.204114	0.252186	0.414636
0.205793	0.252094	0.418706
0.203182	0.255918	0.565245
0.213435	0.252333	0.409947
0.205563	0.251738	0.412181
0.203145	0.251593	0.426345
0.204765	0.251603	0.410945
0.204075	0.253931	0.413363
0.204401	0.253764	0.420136
0.204690	0.264889	0.418046
0.205260	0.251556	0.420208
0.203823	0.254004	0.411471
0.204608	0.252221	0.416852
0.203293	0.253349	0.421390
0.203515	0.253517	0.418888
0.203726	0.251525	0.422908
0.203756	0.252243	0.418540
0.203273	0.252093	0.404907
0.203675	0.252461	0.417125
0.204680	0.252918	0.419129
0.204967	0.252464	0.408745
0.203658	0.252706	0.402072
0.204427	0.250809	0.413369
0.203788	0.251870	0.411164
0.202930	0.252851	0.418882
0.203295	0.254214	0.412822
0.205193	0.251874	0.423912
0.203900	0.252171	0.415930
0.204218	0.253037	0.411759
0.205077	0.252990	0.419792
0.203682	0.252438	0.420327
0.203842	0.251954	0.418665
0.204149	0.251714	0.407955
0.204270	0.252670	0.417699
0.203795	0.251873	0.417141
0.203096	0.253323	0.415013
0.204860	0.252085	0.421915
0.205525	0.252339	0.419140
0.203380	0.251807	0.418805
0.202774	0.253510	0.416763
0.205028	0.251431	0.410008
0.204219	0.251967	0.413881
0.203127	0.252880	0.417500
0.203711	0.251786	0.414898
0.203415	0.254437	0.416888
0.203843	0.251729	0.415598
0.202971	0.270995	0.420679
0.205394	0.253871	0.444865
0.204391	0.254814	0.422951
0.204654	0.253504	0.419477
0.202463	0.252671	0.427526
0.203840	0.252104	0.410275
0.204017	0.252332	0.411712
0.203381	0.251320	0.417227
0.204088	0.252530	0.404332
0.202733	0.253177	0.417610
0.204918	0.251408	0.415186
0.204342	0.252468	0.419095
0.204302	0.252595	0.415952
0.204467	0.253733	0.418781
0.204142	0.252862	0.417463
0.202342	0.253340	0.424116
0.202146	0.252388	0.421296
0.203596	0.250629	0.406168
0.204278	0.251649	0.413703
0.203682	0.253356	0.421743
Average:
quicksort	mergesort	heapsort
0.204525	0.253072	0.420406
