0.903538	2.346452	1.994087
0.784816	1.921542	1.985949
0.790129	1.940947	1.999605
0.784261	1.923150	1.986362
0.798997	1.939529	2.006643
0.805451	1.926750	1.993964
0.763661	1.933197	1.987206
0.800536	1.928198	1.996198
0.797079	1.934885	1.991951
0.776062	1.936219	1.992813
0.774898	1.933056	2.006507
0.763463	1.944385	2.000545
0.795773	1.942690	1.994805
0.771089	1.933142	1.986823
0.802474	1.937550	1.983501
0.768958	1.960343	1.998454
0.781510	1.927413	2.005010
0.764639	1.939886	2.062537
0.825391	1.935635	1.992346
0.776402	1.937167	1.991432
0.765056	1.943709	1.983194
0.783014	1.941196	1.997535
0.761939	1.934290	1.998393
0.759350	1.944958	2.008498
0.795567	1.931803	1.982790
0.789754	1.961646	1.977557
0.794550	1.940364	1.997468
0.799847	1.940217	2.000903
0.775844	1.934792	1.987086
0.800429	1.938970	1.995760
0.793553	1.947821	2.062445
0.796808	1.939820	1.991670
0.805978	1.945449	2.002575
0.779250	1.948007	1.985705
0.780012	1.967882	2.010034
0.784002	1.954370	2.001887
0.780015	1.946276	1.994699
0.795607	1.976543	2.085956
0.756905	1.937101	1.978821
0.757247	1.945045	1.991529
0.757153	1.944734	1.995612
0.800234	1.934816	2.072978
0.791829	1.946024	1.990142
0.775689	1.946150	1.990023
0.759580	1.940414	1.996362
0.765487	1.954817	1.984747
0.765137	1.935564	1.991464
0.769295	1.978924	1.991766
0.800841	1.940371	2.064175
0.765998	1.958539	1.988305
0.778471	1.959226	1.989969
0.802388	1.957147	1.999822
0.779777	1.947153	1.993296
0.777538	1.991577	2.056354
0.812257	1.949904	1.999568
0.803577	1.946597	1.991885
0.779883	1.944199	1.999315
0.791770	1.944106	2.001149
0.761917	1.953100	1.990885
0.772068	1.953358	2.001276
0.817316	1.952257	2.046126
0.775872	1.953769	1.998008
0.774385	1.946692	2.074144
0.780800	1.950899	1.989183
0.799595	1.954000	2.053729
0.786990	1.944474	1.996905
0.783650	1.948274	2.042928
0.760392	1.979345	1.999118
0.770876	1.944209	2.002202
0.957303	1.942761	2.034026
0.770955	1.983351	2.008466
0.795984	1.934146	1.984524
0.764956	1.947450	1.996365
0.781601	1.950889	1.995016
0.778399	1.948618	1.997266
0.778364	1.938155	1.994487
0.768526	1.961208	2.003356
0.797429	1.943616	2.010768
0.798645	1.946039	2.002039
0.786602	1.949548	2.006275
0.794224	1.951774	2.008835
0.789370	1.974533	1.993388
0.770747	1.941682	1.998519
0.800580	1.948395	1.989895
0.777813	1.951707	1.994683
0.776072	1.953041	1.997699
0.772784	1.943265	1.982075
0.771348	1.938451	1.997880
0.793859	2.017212	1.996783
0.800412	1.939593	1.992360
0.774213	1.947300	1.988118
0.800689	1.943416	1.976884
0.777363	1.945686	2.002083
0.765501	1.943648	1.980001
0.761011	1.939529	1.986121
0.794857	2.275027	1.999361
0.791707	1.950319	2.005268
0.790329	1.934993	2.008242
0.768943	1.940681	2.004608
0.804418	1.943674	1.978642
Average:
quicksort	mergesort	heapsort
0.785996	1.954127	2.001967
